"yyyy-mm"	"id"	"Alcoholic beverages tobacco products and recreational cannabis"	"All-items"	"All-items excluding food"	"All-items excluding food and energy"	"Clothing and footwear"	"Food"	"Health and personal care"	"Household operations furnishings and equipment"	"Recreation education and reading"	"Shelter"	"Transportation"
"1"	"1992-01"	"Canada"	79.8	83.1	83.3	84.2	94.1	82	85.3	87.7	78.9	87.6	73.6
"2"	"1992-02"	"Canada"	79.9	83.2	83.5	84.4	94.8	82.2	85.1	87.7	78.9	87.6	72.7
"3"	"1992-03"	"Canada"	80.2	83.6	83.7	84.8	94.8	82.9	85.5	87.6	79	87.5	73.6
"4"	"1992-04"	"Canada"	80.5	83.7	83.9	84.9	94.7	83	86.1	87.6	78.8	87.4	73.7
"5"	"1992-05"	"Canada"	80.9	83.9	84.1	85.2	95.5	82.8	86.2	87.7	78.9	87.6	74
"6"	"1992-06"	"Canada"	81	84.1	84.1	85.3	95.1	83.3	86.4	87.7	79	87.5	74.7
"7"	"1992-07"	"Canada"	81.3	84.1	84.3	85.3	95	83.1	87	87.9	79.2	87.7	75.3
"8"	"1992-08"	"Canada"	81.4	84.2	84.4	85.4	95.7	83.5	87.3	88.1	79.2	87.9	74.5
"9"	"1992-09"	"Canada"	81.5	84.3	84.3	85.3	95.1	83.6	87.3	87.9	79.2	87.7	74.3
"10"	"1992-10"	"Canada"	81.5	84.4	84.6	85.5	95.7	83.5	87.4	87.9	79.3	88.4	74.2
"11"	"1992-11"	"Canada"	81.6	84.5	84.7	85.5	95.1	83.6	87.6	88.2	79.7	88.6	76.2
"12"	"1992-12"	"Canada"	81.7	84.7	84.7	85.7	95.5	83.5	87.7	88.3	79.8	88.7	75.9
"13"	"1993-01"	"Canada"	81.8	84.9	85.1	86	95.9	83.8	87.9	88.3	80.2	88.9	76.2
"14"	"1993-02"	"Canada"	81.8	85.2	85.4	86.3	95.4	84.2	88.1	88.3	80.3	88.9	76.2
"15"	"1993-03"	"Canada"	81.9	85.2	85.4	86.5	95.6	84.2	88.3	88	80.3	88.9	76.2
"16"	"1993-04"	"Canada"	82.1	85.3	85.5	86.6	95.8	83.9	88.4	88.5	80.8	89	75.9
"17"	"1993-05"	"Canada"	82.1	85.4	85.6	86.6	95.8	84.7	88.8	88.6	80.7	88.9	75.9
"18"	"1993-06"	"Canada"	81.9	85.4	85.6	86.6	96.4	84.5	88.9	88.7	81	88.9	76.1
"19"	"1993-07"	"Canada"	82.3	85.5	85.7	86.8	96.4	84.5	88.9	88.8	80.9	88.9	76.8
"20"	"1993-08"	"Canada"	82.6	85.7	85.8	86.9	96	84.6	89.2	88.8	81.1	89	76.8
"21"	"1993-09"	"Canada"	82.7	85.8	86	87.1	96.1	84.7	89.4	89	81.3	89	76.9
"22"	"1993-10"	"Canada"	82.6	86	86.2	87.2	96	84.8	89.7	89.3	81.7	89.4	76.8
"23"	"1993-11"	"Canada"	82.5	86.1	86.3	87.4	96.2	84.9	89.4	89.2	81.9	89.5	78.8
"24"	"1993-12"	"Canada"	82.5	86.1	86.3	87.5	96.4	85	89.7	89.1	82.3	89.6	78.6
"25"	"1994-01"	"Canada"	82.4	86	86.2	87.4	96.5	84.9	89.7	88.8	82.6	89.5	78
"26"	"1994-02"	"Canada"	68.3	85.3	85.6	86.6	96.7	84.5	90	89	82.8	89.5	79
"27"	"1994-03"	"Canada"	68.1	85.3	85.6	86.6	97.1	84.2	89.9	88.8	83	89.4	79
"28"	"1994-04"	"Canada"	67.7	85.3	85.6	86.6	97	84.4	90	88.9	83.1	88.9	79.4
"29"	"1994-05"	"Canada"	67.4	85.2	85.4	86.5	96.2	84.4	90	88.5	83	89	79.4
"30"	"1994-06"	"Canada"	67.4	85.3	85.7	86.6	97	84.4	89.9	88.7	83.1	89.2	80
"31"	"1994-07"	"Canada"	67.3	85.6	85.7	86.6	97.5	84.9	89.3	88.6	83	89.2	80.9
"32"	"1994-08"	"Canada"	67.3	85.8	85.9	86.7	96.8	85.2	89.4	88.6	83.3	89.4	81.2
"33"	"1994-09"	"Canada"	67.3	85.9	86	86.9	96.3	85.1	89.8	89	83.8	89.4	80.9
"34"	"1994-10"	"Canada"	67.4	85.8	85.9	86.9	96.1	85.4	89.6	89	84.1	89.7	80.2
"35"	"1994-11"	"Canada"	67.5	86.1	86.2	87.2	96.3	85.4	89.7	89.1	84.6	89.8	82
"36"	"1994-12"	"Canada"	67.5	86.4	86.6	87.6	97.7	85.3	89.6	89.5	85.1	90.1	82.4
"37"	"1995-01"	"Canada"	67.5	86.6	86.7	87.8	97.2	86.2	89.8	89.6	85.1	90.2	82.7
"38"	"1995-02"	"Canada"	67.6	87	87	88.1	97.2	86.6	89.7	89.8	85.5	90.2	83.1
"39"	"1995-03"	"Canada"	68.2	87.2	87.3	88.3	96.4	86.8	89.6	90.1	86	90.3	83.5
"40"	"1995-04"	"Canada"	68.3	87.4	87.5	88.4	97	87.6	89.4	90.3	86.2	90.1	83.8
"41"	"1995-05"	"Canada"	68.6	87.7	87.8	88.7	96.8	87	89.4	90.6	86.4	90.3	84.8
"42"	"1995-06"	"Canada"	68.7	87.7	87.8	88.9	96.5	87	89.4	90.5	86.6	90.5	84.8
"43"	"1995-07"	"Canada"	69	87.8	87.9	88.9	96.5	87	89.7	90.7	87.2	90.5	84.8
"44"	"1995-08"	"Canada"	69	87.7	87.9	89.1	96.3	86.7	89.7	90.9	87.2	90.5	84.4
"45"	"1995-09"	"Canada"	69.1	87.8	88.1	89.2	97	87	89.4	90.9	87.3	90.5	84.7
"46"	"1995-10"	"Canada"	69.4	87.8	88	89.2	96.5	87	89.6	91.3	87.1	90.4	84.4
"47"	"1995-11"	"Canada"	69.4	87.9	88.1	89.3	97.2	86.7	89.6	91.3	88.1	90.6	85.3
"48"	"1995-12"	"Canada"	69.4	87.9	88.1	89.2	96.1	87	89.7	91.4	87.2	90.6	85.8
"49"	"1996-01"	"Canada"	69.4	88	88.2	89.4	96.2	86.9	89.7	91.8	87.6	90.6	85.8
"50"	"1996-02"	"Canada"	69.5	88.1	88.4	89.5	96.4	87	89.7	91.8	87.6	90.6	85.8
"51"	"1996-03"	"Canada"	69.6	88.5	88.6	89.6	96.5	87.3	89.8	92.2	87.7	90.6	86.5
"52"	"1996-04"	"Canada"	69.7	88.7	88.9	89.8	96	88.2	89.9	92.1	88	90.5	87.4
"53"	"1996-05"	"Canada"	69.9	88.9	89.3	90	96.6	87.7	89.9	92.4	88.3	90.6	88.5
"54"	"1996-06"	"Canada"	70	88.9	89.1	90	95.6	88	90	92.8	88.4	90.4	87.9
"55"	"1996-07"	"Canada"	70.2	88.9	89.1	90.1	96.1	87.9	90	92.9	89.1	90.5	87
"56"	"1996-08"	"Canada"	70.2	89	89.1	90.2	96	88.1	90.2	93.2	89.4	90.3	87.2
"57"	"1996-09"	"Canada"	70.3	89.1	89.2	90.3	96.5	88.4	90.4	92.9	89.5	90.5	87.3
"58"	"1996-10"	"Canada"	70.3	89.4	89.4	90.3	96.7	88.9	90.4	92.7	89.7	90.9	87.4
"59"	"1996-11"	"Canada"	70.3	89.7	89.9	90.7	96.6	89.2	90.7	92.8	89.7	90.6	90.3
"60"	"1996-12"	"Canada"	71.5	89.9	90.1	90.9	96.9	88.9	90.7	93	90	90.8	90.6
"61"	"1997-01"	"Canada"	71.5	90	90.2	91	96.3	88.9	90.8	93.5	90.3	90.9	90.5
"62"	"1997-02"	"Canada"	71.7	90.1	90.3	91	96.3	89.2	91.1	93.3	90.2	90.9	90.3
"63"	"1997-03"	"Canada"	71.9	90.2	90.5	91.2	96.9	89.2	91.3	93.6	90.6	90.9	90.4
"64"	"1997-04"	"Canada"	71.9	90.2	90.5	91.4	98	88.9	91.6	93.6	90.6	90.9	90.1
"65"	"1997-05"	"Canada"	72	90.2	90.5	91.4	98.1	89.1	91.5	93.6	90.6	90.7	90.1
"66"	"1997-06"	"Canada"	72.3	90.3	90.6	91.8	98.1	89.1	91.9	93.5	91.5	90.8	90.4
"67"	"1997-07"	"Canada"	72.1	90.4	90.5	91.5	97.7	89.6	91.8	93.6	90.9	90.8	89.9
"68"	"1997-08"	"Canada"	72.5	90.6	90.7	91.6	98.2	89.6	91.8	93.6	91.1	90.6	90.8
"69"	"1997-09"	"Canada"	72.6	90.6	90.8	91.7	97.6	89.6	91.8	93.8	91.4	90.6	90.9
"70"	"1997-10"	"Canada"	72.9	90.6	90.8	91.8	98.2	89.7	92	94.1	91.5	90.7	90.2
"71"	"1997-11"	"Canada"	73.1	90.5	90.5	91.7	98	90	92.3	93.9	91.4	90.7	90.5
"72"	"1997-12"	"Canada"	73	90.6	90.8	91.7	98.2	89.9	92.6	94.4	91.6	90.8	90.2
"73"	"1998-01"	"Canada"	73.2	91.1	91.1	92.2	98.7	91	92.8	95.4	92.1	90.9	90.2
"74"	"1998-02"	"Canada"	74.4	91.1	91.2	92.4	98.7	90.4	92.8	95.3	92.9	90.7	89.8
"75"	"1998-03"	"Canada"	74.5	91.1	91.1	92.4	98.4	90.5	93	95.1	92.9	90.9	89.5
"76"	"1998-04"	"Canada"	74.6	91	91.1	92.5	98.1	90.4	93.1	95.1	92.9	90.9	89.4
"77"	"1998-05"	"Canada"	74.7	91.1	91.3	92.6	98.3	90.6	93.3	95.1	93.3	90.9	89.8
"78"	"1998-06"	"Canada"	74.7	91.2	91.3	92.6	98.9	91	93.5	94.9	93.2	90.9	89.8
"79"	"1998-07"	"Canada"	75	91.2	91.4	92.7	98.7	90.8	93.8	94.9	93	91	89.6
"80"	"1998-08"	"Canada"	75.3	91.3	91.4	92.9	99.2	90.8	93.9	94.9	93.1	91.1	89.4
"81"	"1998-09"	"Canada"	75.5	91.1	91.2	92.9	98.3	90.8	94.1	95.3	92.9	91	89.2
"82"	"1998-10"	"Canada"	75.7	91.6	91.6	93	99.4	91	94.1	94.9	93.3	91.6	89.6
"83"	"1998-11"	"Canada"	75.8	91.6	91.6	93	99.4	91.5	94.4	95	93.3	91.6	90.1
"84"	"1998-12"	"Canada"	75.7	91.6	91.6	93	99	91.3	94.4	95.1	93.5	91.7	89.5
"85"	"1999-01"	"Canada"	75.8	91.8	91.8	93.2	99.6	92.1	94.6	95	93.4	91.8	89.4
"86"	"1999-02"	"Canada"	75.8	91.8	91.8	93.3	99.3	91.8	94.6	95.3	93.5	91.8	89.2
"87"	"1999-03"	"Canada"	75.9	92	92	93.5	99.8	91.8	94.7	95.3	93.6	91.8	90.2
"88"	"1999-04"	"Canada"	76.2	92.5	92.6	93.8	100.1	92	95.1	95.4	93.9	92.1	91.9
"89"	"1999-05"	"Canada"	76.3	92.6	92.6	93.9	100.2	91.9	95.3	95.8	94.2	91.9	92.3
"90"	"1999-06"	"Canada"	76.4	92.6	92.7	94	100.3	92	95.4	96	94.6	92	92
"91"	"1999-07"	"Canada"	76.6	92.8	93.1	94	100.3	91.9	95.6	95.9	94.8	92.1	92.8
"92"	"1999-08"	"Canada"	76.5	93.2	93.5	94.2	100.7	91.8	95.7	95.9	95	92.3	94
"93"	"1999-09"	"Canada"	76.6	93.5	93.8	94.6	100.7	92.1	95.9	96.1	95.5	92.8	94.5
"94"	"1999-10"	"Canada"	76.7	93.6	93.9	94.5	100.4	92.4	95.8	96.3	95.6	93	94.5
"95"	"1999-11"	"Canada"	77	93.7	93.9	94.5	100.3	92.3	95.8	96.3	95.9	93.1	94.7
"96"	"1999-12"	"Canada"	77.7	94	94.3	94.6	99.8	92.3	96.1	96.2	95.9	93.5	95.4
"97"	"2000-01"	"Canada"	77.9	94	94.4	94.6	100.4	91.8	96.3	95.8	95.9	93.8	94.7
"98"	"2000-02"	"Canada"	78	94.3	94.9	94.8	100.1	91.8	96.3	96.1	96	94.4	95.6
"99"	"2000-03"	"Canada"	78.4	94.8	95.2	95	99.9	92.1	96.5	96.3	96.3	94.5	97.5
"100"	"2000-04"	"Canada"	78.6	94.4	94.9	95	99.5	92.3	96.4	96.1	96.4	94.5	96.1
"101"	"2000-05"	"Canada"	78.5	94.7	95.1	95.2	100.2	92.8	96.7	96.2	96.6	94.7	96.6
"102"	"2000-06"	"Canada"	78.9	95.3	95.7	95.4	100.5	93.1	96.6	96.5	97.1	95	98
"103"	"2000-07"	"Canada"	79.2	95.6	96	95.5	100.3	93.6	96.9	97	97.3	95.5	97.6
"104"	"2000-08"	"Canada"	79.2	95.5	95.8	95.6	100	94.1	97.3	97.1	97.4	95.8	96.7
"105"	"2000-09"	"Canada"	79.6	95.9	96.3	95.8	100.5	94.3	97.3	96.9	97.5	96.3	98.1
"106"	"2000-10"	"Canada"	79.6	96.3	96.7	95.9	100.6	94.3	97.6	97.2	97.7	97.2	97.8
"107"	"2000-11"	"Canada"	79.8	96.8	97.3	96.3	100.3	94.3	97.8	97.4	97.7	97.7	99.7
"108"	"2000-12"	"Canada"	80.1	97	97.4	96.4	101.6	95.3	97.8	97.4	97.9	98.1	98.5
"109"	"2001-01"	"Canada"	80.4	96.8	97.2	96.5	101	95	98.2	97.4	98.2	97.5	97.6
"110"	"2001-02"	"Canada"	80.5	96.9	97.2	96.7	101.2	95.9	98.4	97.6	98.2	97.4	97.8
"111"	"2001-03"	"Canada"	80.8	97.1	97.1	96.7	101.1	96.6	98.6	97.7	98.3	98.3	96.8
"112"	"2001-04"	"Canada"	83.8	97.8	97.9	97	100.8	96.9	98.6	98.2	98.6	98.9	98.3
"113"	"2001-05"	"Canada"	84.8	98.4	98.5	97.1	100.5	97.5	98.7	98.5	98.6	100	99.7
"114"	"2001-06"	"Canada"	85	98.4	98.5	97.3	100.5	97.5	99.2	98.7	98.6	100.3	98.9
"115"	"2001-07"	"Canada"	85.3	98.1	98.2	97.5	101.3	97.9	99.4	98.7	98.5	99.9	97
"116"	"2001-08"	"Canada"	86	98.2	98.3	97.7	101.4	98	98.8	98.9	98.6	99.9	97.4
"117"	"2001-09"	"Canada"	86.2	98.4	98.5	97.9	100.9	98.2	99	99.3	98.4	99.6	98.9
"118"	"2001-10"	"Canada"	86.6	98.1	98.1	97.9	100.1	98.4	99.5	99.3	98	99.8	96.9
"119"	"2001-11"	"Canada"	90.4	97.4	97.3	97.8	99.9	98.1	99.3	99.1	98.2	98.4	94.4
"120"	"2001-12"	"Canada"	90.6	97.7	97.5	98	100.1	98.7	99.3	99.5	98.6	98.9	93.7
"121"	"2002-01"	"Canada"	91	98.1	97.9	98.1	98.8	99.3	99.2	99.6	98.7	99.3	94.4
"122"	"2002-02"	"Canada"	91.5	98.4	98	98.4	100.1	100.1	99.5	99.5	99.1	99.4	94.8
"123"	"2002-03"	"Canada"	92.8	98.8	98.5	98.7	100.2	99.7	99.5	99.8	99.3	99.4	97.1
"124"	"2002-04"	"Canada"	94.9	99.5	99.3	99.2	100.9	100.2	99.7	99.8	99.3	99.1	99.5
"125"	"2002-05"	"Canada"	95.7	99.4	99.3	99.5	100.3	99.6	99.9	99.9	99.8	99.4	99.8
"126"	"2002-06"	"Canada"	100	99.6	99.6	99.9	100.4	99.7	100.2	100.1	99.9	99.4	99.7
"127"	"2002-07"	"Canada"	104.5	100.3	100.4	100.4	100.5	99.8	99.9	100.3	100.4	99.5	100.7
"128"	"2002-08"	"Canada"	104.8	100.7	100.9	100.7	100.1	100.1	100.1	100.4	100.5	100.3	101.9
"129"	"2002-09"	"Canada"	105.1	100.8	101	100.9	100.1	100.2	100.2	99.9	100.5	100.7	101.8
"130"	"2002-10"	"Canada"	106.3	101.3	101.6	101.1	99.9	99.9	100.5	100	100.5	101.8	102.6
"131"	"2002-11"	"Canada"	106.8	101.6	101.9	101.4	99.8	100.7	100.6	100.4	100.9	101.7	103.5
"132"	"2002-12"	"Canada"	106.6	101.5	101.6	101.7	98.7	100.7	100.7	100.4	100.9	100.2	104.2
"133"	"2003-01"	"Canada"	107.1	102.4	102.7	102	98.3	101.3	100.9	100.4	101.1	102.1	105.6
"134"	"2003-02"	"Canada"	108.2	102.9	103.2	102.2	98.4	101.4	101	100.6	101.4	102.5	107.2
"135"	"2003-03"	"Canada"	108.7	103	103.2	102.2	98.6	101.5	100.8	100.5	100.7	103.2	107.6
"136"	"2003-04"	"Canada"	109.2	102.3	102.5	102.2	98.1	101.3	101	100.5	100.5	102.4	105.5
"137"	"2003-05"	"Canada"	109.7	102.1	102.3	102.4	98.9	101.7	101.1	100.5	100.3	102.9	104
"138"	"2003-06"	"Canada"	110	102.3	102.4	102.3	97.4	101.7	100.9	100.6	100.4	103.4	103.8
"139"	"2003-07"	"Canada"	110.2	102.5	102.6	102.3	97.8	101.8	101	100.7	100.2	103.3	104.1
"140"	"2003-08"	"Canada"	110.6	102.8	103	102.5	97.4	101.7	101.7	100.8	100.4	103.4	105.9
"141"	"2003-09"	"Canada"	111	103	103.2	102.8	97.8	101.9	101.8	101	100.7	103.6	105.6
"142"	"2003-10"	"Canada"	111.1	102.9	103	103.1	97.9	101.9	101.8	101.2	101	103.9	103.9
"143"	"2003-11"	"Canada"	111.4	103.1	103.4	103.2	98.8	102.1	102.1	101.1	101.3	103.9	104.8
"144"	"2003-12"	"Canada"	113.6	103.6	103.8	103.2	98.9	102.5	102.1	101.1	101	104.4	104.7
"145"	"2004-01"	"Canada"	114.2	103.7	103.9	103.4	99.2	102.4	102.3	101.1	100.9	104.3	105.8
"146"	"2004-02"	"Canada"	114.4	103.7	103.8	103.3	98.5	102.6	102.2	101.2	101	104.6	105.6
"147"	"2004-03"	"Canada"	114.8	103.7	103.9	103.4	98.3	102.5	102.7	101.1	101.2	104.6	106.2
"148"	"2004-04"	"Canada"	115.4	104	104.3	103.6	98.1	102.2	102.8	101.5	101.1	105.1	106.7
"149"	"2004-05"	"Canada"	115.5	104.7	105.1	103.8	98.2	103	102.8	101.3	101.2	105.3	110.2
"150"	"2004-06"	"Canada"	116.1	104.8	105.1	103.8	98.3	103.7	102.9	101.1	101.2	105.7	109.4
"151"	"2004-07"	"Canada"	116.4	104.8	105	103.9	97.3	103.9	103	101.1	101.1	106	108.8
"152"	"2004-08"	"Canada"	116.8	104.7	104.8	103.8	97.5	104.3	102.8	101.1	100.9	106.2	107.6
"153"	"2004-09"	"Canada"	116.9	104.8	104.8	104.1	97.6	104.7	103.2	101.2	101.1	106.5	106.9
"154"	"2004-10"	"Canada"	117.2	105.2	105.3	104.2	98.1	105.3	103.1	101.2	101.1	107	107.6
"155"	"2004-11"	"Canada"	117.2	105.7	105.8	104.4	97.8	105.6	102.8	101.3	101.2	107.4	109.1
"156"	"2004-12"	"Canada"	117.3	105.8	105.8	104.6	97.2	105.6	103.4	101.4	101.2	107.5	108.5
"157"	"2005-01"	"Canada"	117.7	105.8	105.8	104.7	97.1	105.1	103.4	101.5	101.1	107.5	108.8
"158"	"2005-02"	"Canada"	117.7	105.9	106.2	104.8	98	104.9	103.8	101.4	100.9	107.7	109.3
"159"	"2005-03"	"Canada"	118.5	106.2	106.3	104.9	98.6	105.4	104.1	101.5	100.8	108.1	110.3
"160"	"2005-04"	"Canada"	118.5	106.4	106.4	104.8	97.6	106.5	104.4	101.4	100.9	108.4	111.2
"161"	"2005-05"	"Canada"	118.9	106.3	106.2	105	97.5	106.4	104.3	101.6	100.5	108.6	110.9
"162"	"2005-06"	"Canada"	119.1	106.6	106.7	105.2	97.9	106.5	104.6	101.8	100.7	108.8	111.3
"163"	"2005-07"	"Canada"	119.4	106.8	106.9	105.2	97.5	106.5	105	101.8	100.8	109.4	111.8
"164"	"2005-08"	"Canada"	119.6	107.3	107.4	105.4	97.6	106.9	105	101.8	100.8	109.3	113.9
"165"	"2005-09"	"Canada"	120	108.3	108.7	105.5	98.1	106.8	104.8	102	100.9	110	116.7
"166"	"2005-10"	"Canada"	119.9	108.1	108.3	105.6	97.2	107.2	105	101.7	100.8	110.7	114
"167"	"2005-11"	"Canada"	120.2	107.9	108.1	105.9	96.1	107.1	105.2	102.2	100.7	110.8	113.2
"168"	"2005-12"	"Canada"	119.9	108	108.2	106	97.1	107.4	105.4	102.2	100.8	110.5	113.1
"169"	"2006-01"	"Canada"	120	108.9	108.2	106.2	96.2	107.9	105.4	102.5	100.9	111.8	114.7
"170"	"2006-02"	"Canada"	120.5	108.5	108	106.3	95.7	107.9	105.5	102.3	100.7	111.7	112.7
"171"	"2006-03"	"Canada"	121.5	108.6	108.7	106.5	96.5	108.1	105.7	102.2	100.7	111.9	114.2
"172"	"2006-04"	"Canada"	121.9	109.1	109.5	106.6	95.6	108.1	105.7	102.1	100.7	112.2	117.9
"173"	"2006-05"	"Canada"	121.8	109.2	109.9	106.8	96.4	108.3	105.8	102.3	101	113	117.8
"174"	"2006-06"	"Canada"	121.8	109.1	109.6	106.7	95.6	108.6	105.9	102.2	100.7	112.8	117.3
"175"	"2006-07"	"Canada"	121.5	109.2	109.7	106.6	94.9	108.8	105.7	101.6	100.4	113.2	118.3
"176"	"2006-08"	"Canada"	121.8	109.4	109.9	106.9	95.8	109.3	105.6	101.9	100.3	113.5	118
"177"	"2006-09"	"Canada"	122	109	109.3	107.1	96	109.7	106	102	100.2	114	112.8
"178"	"2006-10"	"Canada"	122.2	109.1	108.9	107.4	95.9	110.2	106.2	102.2	100.3	114.1	111.7
"179"	"2006-11"	"Canada"	122.3	109.5	109.1	107.5	96	110.4	106.4	102.3	100.7	114.1	112.7
"180"	"2006-12"	"Canada"	123.2	109.9	109.3	107.6	95.1	109.9	106.4	102.3	100.8	114.6	114.1
"181"	"2007-01"	"Canada"	124.2	110.2	109.1	108	96.4	110.6	106.6	102.6	101.2	114.8	113.3
"182"	"2007-02"	"Canada"	124.2	110.6	109.7	108.2	95.7	112.3	106.7	102.8	101.3	114.9	114.2
"183"	"2007-03"	"Canada"	124.1	111.2	110.9	108.4	95.6	112	106.6	103	101.5	115.4	117.7
"184"	"2007-04"	"Canada"	124.5	111.5	111.4	108.7	97.3	112.1	106.7	103	101.4	116.2	118.6
"185"	"2007-05"	"Canada"	125.2	111.5	112	108.8	95.9	112.1	107	102.9	101.6	116	120.7
"186"	"2007-06"	"Canada"	125.7	111.3	111.8	108.9	94.6	111.9	107.5	103.1	101.8	116.8	119.2
"187"	"2007-07"	"Canada"	126	111.4	111.9	109.2	96.1	111.9	107.5	103.4	102	117	118.5
"188"	"2007-08"	"Canada"	126.1	111.3	111.7	109.3	95.7	111.9	107.6	103.8	102	117.6	116.3
"189"	"2007-09"	"Canada"	126.6	111.7	112.1	109.5	95	111.8	107.6	103.5	102	117.8	116.9
"190"	"2007-10"	"Canada"	126.3	111.9	111.8	109.4	95.2	111.7	107.7	103.4	102	118.7	115.2
"191"	"2007-11"	"Canada"	126.5	112.2	112	109.4	95.4	111.7	107.7	103.4	102.1	118.8	116.7
"192"	"2007-12"	"Canada"	126.2	112.6	112	109.5	95.5	111.8	107.9	103.7	102	119.2	117.5
"193"	"2008-01"	"Canada"	126.4	112.4	112.5	109.4	94.4	112.1	107.8	103.6	101.6	119.2	118.7
"194"	"2008-02"	"Canada"	126.8	112.6	112.6	109.6	94.5	112.5	107.9	104	102	119.6	118.4
"195"	"2008-03"	"Canada"	126.6	112.8	112.9	109.7	94.2	112.8	108.3	103.9	102	120.1	118
"196"	"2008-04"	"Canada"	126.7	113.3	113.4	109.9	93.5	113.1	108.3	104.2	102.1	121.2	119.6
"197"	"2008-05"	"Canada"	127.4	114.1	114.1	110	92.8	114.3	108.3	104.2	102.4	121.6	121.7
"198"	"2008-06"	"Canada"	127.7	114.9	114.9	110.3	94	115.2	108.3	104.3	102.3	122.3	124
"199"	"2008-07"	"Canada"	127.6	115.4	115.2	110.4	94.8	116	108.4	104.5	102.2	123.3	124
"200"	"2008-08"	"Canada"	127.5	115.4	115	110.6	94.3	116.8	109.3	104.5	102.5	123.8	122.4
"201"	"2008-09"	"Canada"	128	115.5	115	110.6	94	118	109.2	105.4	102.4	123.1	122.3
"202"	"2008-10"	"Canada"	128	114.7	113.9	110.4	92.7	118.5	109.3	105.2	102.2	123.2	118.3
"203"	"2008-11"	"Canada"	128.5	114.3	113.1	111	92.9	119.7	109.9	105.6	102	123.4	114.2
"204"	"2008-12"	"Canada"	128.7	113.9	112.6	111.1	92.7	119.9	110.1	105.8	102	123.4	111.7
"205"	"2009-01"	"Canada"	129.2	113.7	112.3	110.7	94.2	120.4	110.6	105.9	101.9	123.1	109.8
"206"	"2009-02"	"Canada"	129.2	114.1	112.8	111	94.4	121	110.7	106.2	102.4	123.2	111.5
"207"	"2009-03"	"Canada"	129.7	114	112.5	111.1	94	121.4	110.9	106.6	102.5	122.6	110.7
"208"	"2009-04"	"Canada"	129.7	113.7	112.1	111.2	94	121.5	111	107.1	102.9	121.4	109.8
"209"	"2009-05"	"Canada"	131.2	114.2	112.6	111.4	93.4	121.5	111.9	107.5	103.2	121.4	111.6
"210"	"2009-06"	"Canada"	131.6	114.7	113.3	111.6	92.5	121.6	112.5	107.4	103.1	121.3	114.6
"211"	"2009-07"	"Canada"	131.5	114.3	112.7	111.6	93.3	121.6	112.5	107.3	103.2	120.9	113
"212"	"2009-08"	"Canada"	131.4	114.5	113.1	111.6	92.9	121.4	112.2	107.1	103.3	121.1	114.4
"213"	"2009-09"	"Canada"	131.3	114.6	113.1	111.6	92.9	121.2	113.5	107.7	103.4	120.9	113.5
"214"	"2009-10"	"Canada"	131.4	114.8	113.4	111.7	92.8	121.3	113	107.9	103.7	121.2	114.6
"215"	"2009-11"	"Canada"	131.3	115.4	114.1	111.9	93.9	121.8	113.4	108.5	103.8	121.3	116.3
"216"	"2009-12"	"Canada"	131.2	115.4	114.1	111.9	93.5	122.1	113.4	107.8	103.7	121.3	117
"217"	"2010-01"	"Canada"	131.1	115.8	114.5	112.1	92.8	122.2	114.1	108.1	103.5	121.8	117.6
"218"	"2010-02"	"Canada"	131.4	115.9	114.6	112.6	91.9	122.4	114	108.1	105.6	121.8	117.5
"219"	"2010-03"	"Canada"	131.5	115.6	114.2	112.1	92	122.9	113.7	108.1	103.2	121.7	116.8
"220"	"2010-04"	"Canada"	131.8	115.6	114.3	112.5	92.6	122.7	114.4	108.3	103.3	122.4	115.9
"221"	"2010-05"	"Canada"	132.1	115.7	114.4	112.5	92	122.5	114.3	108.6	102.9	123	116
"222"	"2010-06"	"Canada"	132.2	116	114.6	112.8	92	122.5	114.5	108.6	103.5	123.3	116.5
"223"	"2010-07"	"Canada"	134.5	116.6	115.1	113.1	91	123	115.8	109.4	104	124.3	116.7
"224"	"2010-08"	"Canada"	134.4	116.5	115.2	113.1	91.3	123.3	116.1	109.2	103.9	124	117.4
"225"	"2010-09"	"Canada"	134.4	116.7	115.3	113.2	90.6	123.7	116	109.1	104	123.9	117.7
"226"	"2010-10"	"Canada"	134.5	117.4	116.1	113.5	91.6	123.8	116.2	109.3	104.4	124.6	120.1
"227"	"2010-11"	"Canada"	134.6	117.7	116.5	113.6	91	123.4	116	109.5	104.5	124.4	121.5
"228"	"2010-12"	"Canada"	134.6	118.2	117	113.8	91.5	124.2	116.1	109.6	104.8	124.6	122.4
"229"	"2011-01"	"Canada"	135.2	118.4	117.2	113.9	91	124.6	116	109.8	105.2	124.5	123.2
"230"	"2011-02"	"Canada"	135	118.3	117	113.9	90.5	124.7	116.2	109.8	105.3	124.5	123.3
"231"	"2011-03"	"Canada"	134.8	119.1	117.6	114.2	91.6	126.8	116.7	110.3	105.6	124.6	124.2
"232"	"2011-04"	"Canada"	135	119.6	118	114.2	90.9	127	116.9	109.6	105.5	125.2	125.7
"233"	"2011-05"	"Canada"	135.7	120	118.4	114.7	92.3	127.5	116.9	110.2	105.4	125.2	126.6
"234"	"2011-06"	"Canada"	135.6	119.6	118	114.3	92.2	128	116.7	110.7	105.3	125.4	124.8
"235"	"2011-07"	"Canada"	136.1	119.8	118.2	114.5	92.1	128.4	116.9	110.7	105.5	125.9	124.5
"236"	"2011-08"	"Canada"	136.1	120.1	118.5	114.8	92.1	128.6	117.3	111.5	105.1	126.2	125.6
"237"	"2011-09"	"Canada"	135.9	120.5	118.9	115.3	93	129.1	117.5	111.5	105.4	125.7	126.9
"238"	"2011-10"	"Canada"	135.8	120.9	119.1	115.3	92.9	129.2	117.6	111.8	105.3	126.5	127.8
"239"	"2011-11"	"Canada"	135.8	121	119.3	115.5	92.3	129.4	117.8	112.1	105	126.3	128.5
"240"	"2011-12"	"Canada"	135.8	120.8	119.2	115.4	91.9	129.7	118.3	112.1	105	126.8	126.7
"241"	"2012-01"	"Canada"	136.3	121.5	119.6	115.8	92.6	130	118.2	112.4	105	127.1	128.2
"242"	"2012-02"	"Canada"	136.6	121.4	119.7	115.7	93	129.8	118.5	112.6	105.1	126.9	128.4
"243"	"2012-03"	"Canada"	137.5	121.5	119.8	115.9	92.3	129.7	118.6	112.4	105.6	126.6	128.9
"244"	"2012-04"	"Canada"	137.7	121.9	120.1	116.4	92.9	130.2	118.5	112.5	106	126.6	130.1
"245"	"2012-05"	"Canada"	137.7	121.5	119.8	116.3	91.9	130.5	118.6	112.8	106.1	126.7	127.9
"246"	"2012-06"	"Canada"	137.5	121.2	119.6	116.2	91.7	130.4	118.7	113	106	127	126.3
"247"	"2012-07"	"Canada"	137.6	121.2	119.4	116	91.3	131	118.6	113	105.8	127.2	126
"248"	"2012-08"	"Canada"	137.9	121.7	119.8	116.1	90.9	131.4	119.6	112.9	106.2	127.4	127.6
"249"	"2012-09"	"Canada"	137.7	121.9	120	116.2	91.3	131.2	118.5	113.2	106	127.2	128.7
"250"	"2012-10"	"Canada"	137.8	122.2	120.3	116.3	91.6	131.7	118.8	113.4	105.9	127.6	129.3
"251"	"2012-11"	"Canada"	138.3	122.1	120.2	116.5	91.8	131.7	118.7	113.6	106.4	127.5	128.2
"252"	"2012-12"	"Canada"	138.3	122	120.1	116.5	92	131.7	118.8	113.6	106.4	127.5	127.7
"253"	"2013-01"	"Canada"	138.9	122.1	120.2	116.5	91.3	131.1	118.6	113.9	106.2	127.8	127.7
"254"	"2013-02"	"Canada"	139.4	122.9	121.1	117	92.4	132.3	118.6	114.1	105.9	127.9	131.1
"255"	"2013-03"	"Canada"	139.8	122.8	120.8	117	92.9	132.3	118.6	114.4	105.8	128	129
"256"	"2013-04"	"Canada"	140.1	122.3	120.4	117	92.4	132	118.3	114.2	105.8	128.2	127.8
"257"	"2013-05"	"Canada"	141.1	122.3	120.5	117	92.5	132	118	113.9	105.9	128.3	127.6
"258"	"2013-06"	"Canada"	140.9	122.6	120.8	117.1	92.4	132	118.2	114	105.9	128.5	128.8
"259"	"2013-07"	"Canada"	140.5	122.8	121	117.2	92.4	132.2	118.1	114.4	106.3	128.8	128.9
"260"	"2013-08"	"Canada"	140.4	122.9	121	117.2	92.8	132.9	118.1	114.3	106.3	128.8	129
"261"	"2013-09"	"Canada"	140.9	123.1	121.2	117.3	91.8	132.9	118.4	114.5	106.1	129	129.5
"262"	"2013-10"	"Canada"	141	123	121	117.4	91.2	132.9	118.1	114.6	106.3	129.2	129.5
"263"	"2013-11"	"Canada"	141.1	123.2	121.3	117.5	91.4	133.2	118	114.7	106.8	129.8	128.7
"264"	"2013-12"	"Canada"	141.2	123.6	121.9	117.8	92.2	133	118.2	115.2	106.8	129.9	130.3
"265"	"2014-01"	"Canada"	141.1	123.9	122.1	118	92.5	132.6	118.3	115.2	107.2	130.5	130.2
"266"	"2014-02"	"Canada"	143	124.3	122.6	118.3	92.1	133.5	118.4	115.2	107.5	130.7	131.5
"267"	"2014-03"	"Canada"	145.2	124.5	122.7	118.3	91.9	133.9	118.4	115.4	106.9	131.4	131.1
"268"	"2014-04"	"Canada"	145.1	125	123	118.5	92.8	134.6	118.6	115.3	106.9	132.4	131.3
"269"	"2014-05"	"Canada"	145.8	125.1	123.2	118.7	93.2	135.1	118.9	115.6	107.2	132.6	131
"270"	"2014-06"	"Canada"	146.5	125.4	123.3	118.9	93.7	135.9	118.8	116.1	107.4	132.2	131.3
"271"	"2014-07"	"Canada"	147.1	125.4	123.3	119	93.6	136	119.1	116.1	107.3	132.6	130.7
"272"	"2014-08"	"Canada"	148.2	125.5	123.5	119.5	93.1	135.8	119.2	117.5	107.7	132.4	130.8
"273"	"2014-09"	"Canada"	148.5	125.7	123.6	119.5	93.6	136.6	119.3	117.6	107.7	132.5	130.3
"274"	"2014-10"	"Canada"	149.2	125.9	123.7	119.8	94	136.7	119	117.9	108	132.8	130.5
"275"	"2014-11"	"Canada"	149.5	125.7	123.4	119.9	94	137.4	119.8	118.3	107.6	132.8	128.6
"276"	"2014-12"	"Canada"	149.6	125.5	123.2	120.1	93.9	138	119.8	118.5	107.9	133	126.8
"277"	"2015-01"	"Canada"	150.1	125.1	122.5	120.2	94.3	138.6	120	118.5	108	133.1	123.2
"278"	"2015-02"	"Canada"	150.5	125.5	123.1	120.4	94.3	138.7	120.1	118.9	108.7	133.1	124.8
"279"	"2015-03"	"Canada"	150.6	126.1	123.5	120.7	94.5	139	119.8	119.1	108.9	133.3	126.3
"280"	"2015-04"	"Canada"	151.4	125.8	123.3	120.8	94.3	139.4	119.9	119.5	108.3	133.1	125.6
"281"	"2015-05"	"Canada"	151.5	126.3	123.7	121	93.9	140.2	120.4	119.5	109.3	133.2	126.6
"282"	"2015-06"	"Canada"	151.9	126.8	124.1	121.1	93.9	140.4	120.4	119.6	109.7	133.5	128.3
"283"	"2015-07"	"Canada"	152.1	127.1	124.5	121.4	94.7	140.3	120.7	119.8	109.6	133.8	128.7
"284"	"2015-08"	"Canada"	152.3	127.1	124.5	121.6	95	140.7	120.4	120.4	110.1	133.9	128
"285"	"2015-09"	"Canada"	152.8	127	124.2	121.8	94.9	141.5	120.7	120.6	110.3	133.9	125.6
"286"	"2015-10"	"Canada"	152.9	127.2	124.3	121.9	94.9	142.4	120.8	120.5	110.4	134.3	126.3
"287"	"2015-11"	"Canada"	154	127.3	124.4	122	95.4	142.2	121.5	120	109.9	134.4	126.8
"288"	"2015-12"	"Canada"	154.2	127.4	124.5	122.1	94.2	143.1	121.3	120.2	110.2	134.5	127.1
"289"	"2016-01"	"Canada"	154.9	127.5	124.4	122.3	93.9	144	121.5	120.4	110.5	134.6	125.9
"290"	"2016-02"	"Canada"	155.4	127.3	124.1	122.3	93.2	144.2	121.5	120.9	110.4	134.7	124.6
"291"	"2016-03"	"Canada"	156.1	127.7	124.5	122.8	94.3	144.3	121.7	121.2	110.6	134.8	125.4
"292"	"2016-04"	"Canada"	156.4	127.9	125	123.1	94.3	143.5	121.9	121.5	110.7	134.9	126.9
"293"	"2016-05"	"Canada"	156.3	128.3	125.5	123.4	94.9	142.8	122.1	121.9	111	135.1	128
"294"	"2016-06"	"Canada"	156.3	128.6	125.9	123.6	95	142.2	122.1	122.1	111	135.6	129
"295"	"2016-07"	"Canada"	156.9	128.5	125.9	123.8	94.2	142.4	122.1	122.2	111.5	136	128.2
"296"	"2016-08"	"Canada"	157	128.6	126	123.9	94.5	142.2	122.5	122.3	111.4	136.2	128.3
"297"	"2016-09"	"Canada"	157.5	128.8	126.3	124.1	95.1	141.6	122.6	122	111.8	136.2	129
"298"	"2016-10"	"Canada"	158.1	129.1	126.7	124.1	94.8	141.5	122.8	122	112.1	136.9	130.1
"299"	"2016-11"	"Canada"	158.3	128.9	126.5	124.1	94.2	141.4	122.9	121.6	112.5	137.2	128.9
"300"	"2016-12"	"Canada"	158.8	129.3	127.1	124.4	94.3	141.1	123	121.8	112.9	137.3	130.7
"301"	"2017-01"	"Canada"	159.2	130.1	128	124.9	94.1	140.8	123.4	121.9	113.9	137.8	133.5
"302"	"2017-02"	"Canada"	159.4	129.9	127.8	124.9	93.9	140.9	123.4	121.6	114	137.6	132.9
"303"	"2017-03"	"Canada"	159.5	129.7	127.4	124.9	93.9	141.3	123.7	121.3	114.5	137.7	131.4
"304"	"2017-04"	"Canada"	159.9	130.1	127.8	124.9	92.4	142.1	123.9	122	114.3	137.9	132.2
"305"	"2017-05"	"Canada"	160.2	129.9	127.4	125.1	93.6	142.7	124	122.2	113.6	137.7	130.9
"306"	"2017-06"	"Canada"	160.8	129.9	127.3	125.3	93.3	143	124.2	122.4	114.1	137.8	129.8
"307"	"2017-07"	"Canada"	161.5	130.1	127.5	125.5	94.1	143.3	124.6	122	113.6	137.7	130.7
"308"	"2017-08"	"Canada"	161.7	130.4	127.9	125.6	94	143.5	124.7	122	113.5	138	132
"309"	"2017-09"	"Canada"	162.3	130.7	128.2	125.6	93.1	143.5	124.6	121.6	114.3	138.1	134
"310"	"2017-10"	"Canada"	162.4	130.9	128.4	125.9	93.4	143.4	125.1	122.2	113.8	138.6	134
"311"	"2017-11"	"Canada"	162.8	131.7	129.3	126.3	94	143.7	124.4	122.7	114.6	138.9	136.5
"312"	"2017-12"	"Canada"	163.1	131.8	129.5	126.5	94.5	143.8	125	121.4	114.3	139.2	136.9
"313"	"2018-01"	"Canada"	163.6	132.3	129.9	126.8	94.5	144	125.2	122.8	114.5	139.7	137.4
"314"	"2018-02"	"Canada"	164.4	132.6	130.5	127.2	94.2	144.1	125.6	123.3	114.7	140	138.6
"315"	"2018-03"	"Canada"	166	132.7	130.5	127.2	93.9	144	126.3	122.7	115.8	140	138.3
"316"	"2018-04"	"Canada"	167.5	132.8	130.6	127.3	94.5	144.6	125.9	123.7	113.9	140.3	138
"317"	"2018-05"	"Canada"	167.6	132.9	130.7	127.1	94.3	144.3	126	122.6	115.2	140.4	138.2
"318"	"2018-06"	"Canada"	168.5	133.1	130.8	127.5	94.9	144.9	126.2	122.3	114.3	140.5	139.1
"319"	"2018-07"	"Canada"	168.8	133.7	131.4	128	94.7	145.2	126.1	122.9	115.9	141	140.1
"320"	"2018-08"	"Canada"	169.4	133.9	131.6	128.2	94.7	145.7	126.4	123	116	141.2	140.4
"321"	"2018-09"	"Canada"	169.6	133.8	131.4	128.2	94.5	146.1	126.3	123.3	115.7	141.5	139.8
"322"	"2018-10"	"Canada"	169.8	134.2	131.8	128.5	94.7	146.3	126.3	123.8	116.1	142	140.3
"323"	"2018-11"	"Canada"	170.1	134	131.5	128.7	94.6	146.7	125.1	123.8	115.9	142.3	138.8
"324"	"2018-12"	"Canada"	170.3	134.3	131.7	129.3	94.6	147.8	126	123.9	115.9	142.3	138.6
"325"	"2019-01"	"Canada"	170.9	134.3	131.6	129.1	95	147.9	126	123.8	115.9	143	137.8
"326"	"2019-02"	"Canada"	171	134.7	132	129.5	95.6	148.5	126.4	123.5	115.8	143.4	139.1
"327"	"2019-03"	"Canada"	170.9	135.2	132.5	129.7	95.4	149	126.7	123.3	116	143.8	140.8
"328"	"2019-04"	"Canada"	171.1	135.6	132.9	130	95.5	149	126.8	123.5	116.1	144.1	141.3
"329"	"2019-05"	"Canada"	171.3	136	133.3	130.4	95.7	149.5	127.3	123.8	117.3	144.2	142.4
"330"	"2019-06"	"Canada"	170.9	135.9	133.3	130.5	95.7	150.2	127.7	124	116.8	144	141.5
"331"	"2019-07"	"Canada"	170.8	136.4	133.6	130.8	95.7	150.8	127.9	123.4	119.2	144.3	142.3
"332"	"2019-08"	"Canada"	171	136.4	133.6	131	95.8	151	127.5	123.5	118.5	144.6	142.4
"333"	"2019-09"	"Canada"	170.9	136.3	133.6	131.1	96.9	151.3	127.8	123.6	117	144.8	141.7
"334"	"2019-10"	"Canada"	171.4	136.7	133.9	131.4	96.9	151.5	127.8	123.6	117.3	145.7	142.2
"335"	"2019-11"	"Canada"	172.1	136.8	133.9	131.1	97.1	151.7	128	123.6	115.8	145.9	142.8
"336"	"2019-12"	"Canada"	170.9	137.3	134.3	131.4	97.3	152.2	128.3	123.4	115.5	146.3	144.1
"337"	"2020-01"	"Canada"	171.6	137.3	134.3	131.4	97.9	152.7	128.7	123.1	115.6	146.4	144.3
"338"	"2020-02"	"Canada"	171.4	137.5	134.6	131.9	98.3	152.1	128.8	123.3	116.5	146.7	144.3
"339"	"2020-03"	"Canada"	171.5	136.3	133.2	131.9	98.5	152.4	128.8	123.6	115.7	146.5	138.5
"340"	"2020-04"	"Canada"	171.8	135.6	132.1	131.7	91.9	154.2	128.4	124	115.3	146	135.7
"341"	"2020-05"	"Canada"	171.7	135.7	132.3	131.5	90.7	154.1	128.4	123.6	114.4	145.6	138.8
"342"	"2020-06"	"Canada"	171.8	136.8	133.5	131.9	92.8	154.3	128.3	123.7	115.2	146.4	141.7
"343"	"2020-07"	"Canada"	171.9	136.7	133.3	131.7	93.7	154.3	128.6	124.1	114.6	146.4	141.1
"344"	"2020-08"	"Canada"	171.7	136.8	133.6	131.8	94.5	153.8	129.4	124	115.1	146.8	140.9
"345"	"2020-09"	"Canada"	172.1	137.1	134	132.1	93.5	153.6	129.7	124	115.8	147.3	141.7
"346"	"2020-10"	"Canada"	172.5	137.5	134.3	132.4	93.3	154.8	130.1	124	115.8	148.3	142
"347"	"2020-11"	"Canada"	172.1	138	134.8	132.8	94.2	154.4	130.5	124.2	116.5	148.7	142.6
"348"	"2020-12"	"Canada"	172.3	138.2	135.1	132.8	93.8	153.9	130.4	124.1	117.2	148.7	143.6
"349"	"2021-01"	"Canada"	172.8	138.7	135.6	133.1	93.8	154.1	130.4	124.7	118.8	148.4	145.7
"350"	"2021-02"	"Canada"	173.3	139	135.9	133	93.6	154.8	130.6	124.2	116.6	148.8	147.2
"351"	"2021-03"	"Canada"	173.7	139.3	136.3	133.3	93.3	155.1	130.8	123.4	116.4	150	148.2
"352"	"2021-04"	"Canada"	174.1	140.1	137.2	134.1	93.8	155.6	132.2	124.4	117.1	150.7	148.6
"353"	"2021-05"	"Canada"	174.8	140.6	137.7	134.5	94.3	156.3	132.4	124.7	116.7	151.7	149.3
"354"	"2021-06"	"Canada"	175.2	141	138.2	134.8	94	156.3	132.7	124.8	117	152.8	149.8
"355"	"2021-07"	"Canada"	174.9	141.7	138.8	135.4	94.4	156.9	133.3	125.5	117.9	153.5	150.6
"356"	"2021-08"	"Canada"	176	142.5	139.5	135.8	94.2	158.1	133.1	125.7	117.7	153.9	153.2
"357"	"2021-09"	"Canada"	175.9	143.1	140	136.3	93.9	159.5	133.6	125.9	118.1	154.4	154.5
"358"	"2021-10"	"Canada"	176.2	143.9	140.8	136.6	94.1	160.5	133.8	126.2	119.9	155.4	156.1
"359"	"2021-11"	"Canada"	176.6	144.5	141.2	136.9	94.7	161.2	133.9	126.3	119.1	155.9	156.8
"360"	"2021-12"	"Canada"	176.5	144.9	141.6	137.3	94.7	161.9	133.8	126.7	119.1	156.8	156.5
"361"	"2022-01"	"Canada"	178.3	145.8	142.4	137.8	95.1	163.3	134.2	127.2	120.9	157.6	157.8
"362"	"2022-02"	"Canada"	178.6	146.9	143.4	138.4	94.7	165.1	134.7	127.5	121.4	158.6	160.3
"363"	"2022-03"	"Canada"	179.2	148.4	144.8	139.4	94.4	167	135.3	128.8	122.2	160.2	163.9
"364"	"2022-04"	"Canada"	179.4	149.7	145.6	140.3	94.6	168.9	136.4	129.3	122	161.9	164.7
"365"	"2022-05"	"Canada"	179.8	151.3	147.7	141.2	95.9	169.7	137	131.4	123.1	163	170.3
"366"	"2022-06"	"Canada"	180.4	152.1	148.5	141.8	96.1	170	137.7	131.7	124	163.6	173.1
"367"	"2022-07"	"Canada"	181.4	152.5	148.7	142.5	95.6	171.2	138.2	131.6	124.7	164.2	172
