"yyyy-qq"	"id"	"Consommation de capital fixe : administrations publiques et institutions sans but lucratif au service des ménages; Dollars"	"Consommation de capital fixe : entreprises individuelles; Dollars"	"Consommation de capital fixe : sociétés; Dollars"	"Cotisations sociales à la charge des employeurs; Dollars"	"Divergence statistique; Dollars"	"Excédent d'exploitation brut; Dollars"	"Excédent d'exploitation net : sociétés; Dollars"	"Impôts moins les subventions sur la production; Dollars"	"Impôts moins les subventions sur les produits et les importations; Dollars"	"Produit intérieur brut aux prix du marché; Dollars"	"Rémunération des salariés; Dollars"	"Revenu mixte brut; Dollars"	"Revenu mixte net; Dollars"	"Salaires et traitements; Dollars"
"1"	"1961-01"	"Canada"	1120	1540	3204	1000	396	8596	4272	1856	2800	40600	20540	6412	4872	19540
"2"	"1961-04"	"Canada"	1128	1508	3276	1020	208	9276	4872	1848	2792	41496	20944	6428	4920	19924
"3"	"1961-07"	"Canada"	1156	1504	3336	1052	-148	9880	5388	1876	2792	42604	21460	6744	5240	20408
"4"	"1961-10"	"Canada"	1188	1504	3384	1076	-88	9912	5340	1928	3096	43404	21788	6768	5264	20712
"5"	"1962-01"	"Canada"	1208	1508	3416	1068	-192	10084	5460	1988	3236	44624	22180	7328	5820	21112
"6"	"1962-04"	"Canada"	1268	1524	3460	1096	-288	10244	5516	2028	3268	45132	22668	7212	5688	21572
"7"	"1962-07"	"Canada"	1340	1560	3508	1124	-32	10140	5292	2008	3472	46068	23032	7448	5888	21908
"8"	"1962-10"	"Canada"	1388	1584	3548	1140	12	11000	6064	2056	3256	47132	23264	7544	5960	22124
"9"	"1963-01"	"Canada"	1420	1616	3620	1160	72	10600	5560	2076	3448	47584	23568	7820	6204	22408
"10"	"1963-04"	"Canada"	1488	1648	3672	1188	-124	11260	6100	2112	3304	48556	24028	7976	6328	22840
"11"	"1963-07"	"Canada"	1540	1680	3728	1220	-96	11236	5968	2172	3472	49352	24552	8016	6336	23332
"12"	"1963-10"	"Canada"	1576	1704	3784	1264	-28	12072	6712	2268	3580	51360	25124	8344	6640	23860
"13"	"1964-01"	"Canada"	1588	1744	3864	1276	232	12400	6948	2316	3748	52576	25668	8212	6468	24392
"14"	"1964-04"	"Canada"	1628	1760	3904	1308	-140	12664	7132	2320	4112	53420	26124	8340	6580	24816
"15"	"1964-07"	"Canada"	1688	1808	4004	1364	-32	12888	7196	2400	4104	54580	26968	8252	6444	25604
"16"	"1964-10"	"Canada"	1744	1844	4108	1408	-40	13020	7168	2420	4036	55324	27556	8332	6488	26148
"17"	"1965-01"	"Canada"	1772	1892	4216	1472	164	13216	7228	2516	4308	57268	28372	8692	6800	26900
"18"	"1965-04"	"Canada"	1860	1952	4344	1516	32	13616	7412	2548	4608	58656	29040	8812	6860	27524
"19"	"1965-07"	"Canada"	1944	2000	4484	1580	-12	13680	7252	2604	4768	60064	30016	9008	7008	28436
"20"	"1965-10"	"Canada"	2016	2056	4620	1648	-116	14568	7932	2672	4760	62216	31092	9240	7184	29444
"21"	"1966-01"	"Canada"	2040	2104	4764	1984	-64	14772	7968	2808	4824	64320	32184	9796	7692	30200
"22"	"1966-04"	"Canada"	2132	2172	4924	2052	336	14992	7936	2816	5204	66488	33088	10052	7880	31036
"23"	"1966-07"	"Canada"	2216	2220	5088	2124	456	14616	7312	2892	5284	67364	33844	10272	8052	31720
"24"	"1966-10"	"Canada"	2276	2268	5252	2200	-172	15496	7968	2928	5128	68648	34916	10352	8084	32716
"25"	"1967-01"	"Canada"	2276	2320	5408	2184	-136	15188	7504	3104	5508	69484	35916	9904	7584	33732
"26"	"1967-04"	"Canada"	2352	2360	5556	2260	76	15908	8000	3216	5712	71744	36748	10084	7724	34488
"27"	"1967-07"	"Canada"	2420	2396	5680	2344	56	15856	7756	3196	5620	72380	37552	10100	7704	35208
"28"	"1967-10"	"Canada"	2456	2420	5768	2388	64	16460	8236	3224	5660	73640	38052	10180	7760	35664
"29"	"1968-01"	"Canada"	2472	2476	5908	2460	-44	16576	8196	3460	5944	75316	38712	10668	8192	36252
"30"	"1968-04"	"Canada"	2516	2484	5940	2548	-12	17648	9192	3500	5912	77652	39776	10828	8344	37228
"31"	"1968-07"	"Canada"	2600	2528	6052	2628	240	17852	9200	3628	5956	79448	40648	11124	8596	38020
"32"	"1968-10"	"Canada"	2664	2584	6176	2736	-212	18456	9616	3608	6348	81480	42052	11228	8644	39316
"33"	"1969-01"	"Canada"	2676	2644	6356	2772	-464	18648	9616	3808	6660	83796	43408	11736	9092	40636
"34"	"1969-04"	"Canada"	2764	2700	6528	2844	-572	19136	9844	3928	6800	85476	44340	11844	9144	41496
"35"	"1969-07"	"Canada"	2864	2752	6720	2952	-280	19024	9440	3904	6724	87140	45644	12124	9372	42692
"36"	"1969-10"	"Canada"	2916	2788	6908	3048	124	19464	9640	4056	6544	89308	46868	12252	9464	43820
"37"	"1970-01"	"Canada"	2968	2812	7092	3112	-52	20168	10108	4148	6580	91376	48020	12512	9700	44908
"38"	"1970-04"	"Canada"	3052	2852	7300	3148	208	20084	9732	4348	6968	92224	48240	12376	9524	45092
"39"	"1970-07"	"Canada"	3156	2904	7492	3208	700	20392	9744	4280	7140	94096	49092	12492	9588	45884
"40"	"1970-10"	"Canada"	3232	2960	7668	3272	756	19776	8876	4376	7144	94916	50052	12812	9852	46780
"41"	"1971-01"	"Canada"	3252	3024	7824	3340	584	19928	8852	4520	7124	96288	51060	13072	10048	47720
"42"	"1971-04"	"Canada"	3368	3096	7996	3472	384	21200	9836	4596	7664	100312	53132	13336	10240	49660
"43"	"1971-07"	"Canada"	3504	3168	8172	3560	612	22376	10700	4660	7764	103624	54404	13808	10640	50844
"44"	"1971-10"	"Canada"	3588	3232	8332	3660	504	23304	11384	4692	8064	106436	55628	14244	11012	51968
"45"	"1972-01"	"Canada"	3616	3348	8600	3840	-32	23400	11184	4934	8494	108148	57360	13992	10644	53520
"46"	"1972-04"	"Canada"	3704	3412	8692	3984	216	24912	12516	4990	8502	112264	58872	14772	11360	54888
"47"	"1972-07"	"Canada"	3836	3540	8888	4152	-128	24672	11948	4994	9194	114384	60760	14892	11352	56608
"48"	"1972-10"	"Canada"	3932	3680	9092	4384	-516	26308	13284	5194	9274	119288	63440	15588	11908	59056
"49"	"1973-01"	"Canada"	3968	3840	9368	4416	-556	28048	14712	5257	9503	124756	66048	16456	12616	61632
"50"	"1973-04"	"Canada"	4176	4024	9724	4612	-636	29728	15828	5373	9739	130040	68128	17708	13684	63516
"51"	"1973-07"	"Canada"	4448	4208	10188	4760	-380	31116	16480	5597	10407	134524	69580	18204	13996	64820
"52"	"1973-10"	"Canada"	4720	4396	10752	5040	-196	33316	17844	5713	11131	142544	73212	19368	14972	68172
"53"	"1974-01"	"Canada"	4900	4600	11380	5548	-708	35096	18816	6025	12147	149300	77076	19664	15064	71528
"54"	"1974-04"	"Canada"	5236	4824	12080	5812	-760	37972	20656	6121	12119	155960	80020	20488	15664	74208
"55"	"1974-07"	"Canada"	5556	5064	12792	6220	-1024	38968	20620	6197	12407	162244	84696	21000	15936	78476
"56"	"1974-10"	"Canada"	5776	5312	13476	6556	-1020	38404	19152	6201	11339	165200	88492	21784	16472	81936
"57"	"1975-01"	"Canada"	5828	5564	14128	6836	-720	37468	17512	6642	10822	167444	90844	22388	16824	84008
"58"	"1975-04"	"Canada"	6044	5812	14744	7172	-388	39056	18268	7182	9990	173624	94596	23188	17376	87424
"59"	"1975-07"	"Canada"	6240	6044	15300	7552	-504	42536	20996	7298	9998	182216	98656	24232	18188	91104
"60"	"1975-10"	"Canada"	6360	6248	15772	7772	-352	45392	23260	7326	10370	188428	101128	24564	18316	93356
"61"	"1976-01"	"Canada"	6396	6500	16372	8328	-1392	46040	23272	8283	11937	196248	105944	25436	18936	97616
"62"	"1976-04"	"Canada"	6508	6596	16676	8828	-832	48644	25460	8447	13021	206252	111132	25840	19244	102304
"63"	"1976-07"	"Canada"	6708	6752	17188	9036	40	49336	25440	8775	12945	208448	111248	26104	19352	102212
"64"	"1976-10"	"Canada"	6852	6892	17720	9556	-476	47292	22720	9079	13309	212996	117324	26468	19576	107768
"65"	"1977-01"	"Canada"	6848	7040	18308	9796	276	50056	24900	9582	13814	219912	119164	27020	19980	109368
"66"	"1977-04"	"Canada"	7072	7200	18928	10112	468	50704	24704	9790	13514	224808	122428	27904	20704	112316
"67"	"1977-07"	"Canada"	7296	7392	19556	10396	1196	51544	24692	9890	14102	229724	124724	28268	20876	114328
"68"	"1977-10"	"Canada"	7444	7588	20164	10632	1176	53492	25884	10282	14598	235960	127244	29168	21580	116612
"69"	"1978-01"	"Canada"	7424	7796	20700	11068	964	55572	27448	11270	13678	241320	129320	30516	22720	118252
"70"	"1978-04"	"Canada"	7656	8048	21412	11408	36	58876	29808	10606	14918	248684	132628	31620	23572	121220
"71"	"1978-07"	"Canada"	7912	8276	22176	11724	560	61468	31380	10734	14130	255204	135464	32848	24572	123740
"72"	"1978-10"	"Canada"	8108	8504	22976	12100	-760	63648	32564	11242	15442	263092	139448	34072	25568	127348
"73"	"1979-01"	"Canada"	8132	8736	23892	12280	992	65548	33524	11800	14780	271400	143504	34776	26040	131224
"74"	"1979-04"	"Canada"	8428	9012	24844	12756	1060	72152	38880	11124	15856	284172	148496	35484	26472	135740
"75"	"1979-07"	"Canada"	8740	9304	25856	13252	-960	76136	41540	11212	15296	292920	153668	37568	28264	140416
"76"	"1979-10"	"Canada"	8984	9608	26884	13652	-448	79140	43272	11660	15216	301940	158112	38260	28652	144460
"77"	"1980-01"	"Canada"	9124	10028	28168	13524	-792	81444	44152	13143	14437	309784	163180	38372	28344	149656
"78"	"1980-04"	"Canada"	9380	10236	29072	13956	-4	83836	45384	12935	14285	317228	167252	38924	28688	153296
"79"	"1980-07"	"Canada"	9764	10528	30352	14436	1196	82560	42444	12883	14421	324764	172616	41088	30560	158180
"80"	"1980-10"	"Canada"	10088	10768	31684	15044	1012	85288	43516	13475	16353	339352	179520	43704	32936	164476
"81"	"1981-01"	"Canada"	10728	10560	34408	16152	1372	87956	42820	15096	20080	355992	187012	44476	33916	170860
"82"	"1981-04"	"Canada"	10908	10844	35240	16892	872	89272	43124	15532	22192	367992	194668	45456	34612	177776
"83"	"1981-07"	"Canada"	11100	11204	36132	17404	-424	87300	40068	15788	24440	372820	200080	45636	34432	182676
"84"	"1981-10"	"Canada"	11288	11564	36852	17884	-332	84600	36460	16280	24348	376628	205360	46372	34808	187476
"85"	"1982-01"	"Canada"	11972	11852	39684	18292	956	82756	31100	17436	25184	383004	209508	47164	35312	191216
"86"	"1982-04"	"Canada"	12188	12144	40048	18380	176	86936	34700	17812	22136	386516	210760	48696	36552	192380
"87"	"1982-07"	"Canada"	12364	12416	40408	18476	1076	88620	35848	17488	23172	389560	209084	50120	37704	190608
"88"	"1982-10"	"Canada"	12556	12652	40812	18756	2048	89448	36080	17924	22804	393644	211244	50176	37524	192488
"89"	"1983-01"	"Canada"	12628	12688	41148	19332	2024	96656	42880	19788	21712	403236	212724	50332	37644	193392
"90"	"1983-04"	"Canada"	12836	12872	41616	20028	1328	101392	46940	19544	23240	415804	218860	51440	38568	198832
"91"	"1983-07"	"Canada"	13072	13032	42072	20524	552	108748	53604	19380	24308	428960	223236	52736	39704	202712
"92"	"1983-10"	"Canada"	13316	13288	42624	20932	320	113276	57336	19704	23720	437264	226548	53696	40408	205616
"93"	"1984-01"	"Canada"	13488	13564	43392	21176	452	116576	59696	20144	25528	447840	229856	55284	41720	208680
"94"	"1984-04"	"Canada"	13808	13872	43888	21700	128	122252	64556	20060	25160	459552	235020	56932	43060	213320
"95"	"1984-07"	"Canada"	14048	14104	44332	22244	1092	122424	64044	19720	23860	465180	239832	58252	44148	217588
"96"	"1984-10"	"Canada"	14284	14332	44736	22728	768	124624	65604	20124	27036	475372	244472	58348	44016	221744
"97"	"1985-01"	"Canada"	14620	14548	45996	23388	-780	128852	68236	20660	28532	486096	249036	59796	45248	225648
"98"	"1985-04"	"Canada"	14844	14768	46588	23756	-496	130692	69260	21284	29048	495352	253428	61396	46628	229672
"99"	"1985-07"	"Canada"	15116	14836	47088	24188	1056	132504	70300	21172	28240	503872	258268	62632	47796	234080
"100"	"1985-10"	"Canada"	15368	15120	47884	24652	-580	139088	75836	20868	28664	514788	262864	63884	48764	238212
"101"	"1986-01"	"Canada"	15420	15192	48952	24712	948	131204	66832	21544	32752	518612	266436	65728	50536	241724
"102"	"1986-04"	"Canada"	15652	15380	49576	25192	1316	128076	62848	22472	34344	523844	270516	67120	51740	245324
"103"	"1986-07"	"Canada"	15896	15632	50352	25600	-248	128336	62088	23008	36308	530220	274472	68344	52712	248872
"104"	"1986-10"	"Canada"	16076	15796	50832	26140	1324	127104	60196	23260	33556	533844	279912	68688	52892	253772
"105"	"1987-01"	"Canada"	16188	16216	51140	26668	192	135436	68108	24108	36396	552484	286528	69824	53608	259860
"106"	"1987-04"	"Canada"	16380	16600	51948	27372	-1248	142528	74200	24836	36872	567420	293732	70700	54100	266360
"107"	"1987-07"	"Canada"	16576	17212	53036	27952	-1664	147220	77608	25592	40112	581680	299128	71292	54080	271176
"108"	"1987-10"	"Canada"	16788	17412	53828	28748	-1444	150264	79648	25872	41176	595760	306768	73124	55712	278020
"109"	"1988-01"	"Canada"	17060	17512	54600	29384	-1192	152564	80904	26176	42280	610948	315664	75456	57944	286280
"110"	"1988-04"	"Canada"	17400	18140	55740	30108	-1008	150496	77356	26928	44184	621168	322440	78128	59988	292332
"111"	"1988-07"	"Canada"	17692	18532	56888	30760	-736	151788	77208	26696	45820	631392	328240	79584	61052	297480
"112"	"1988-10"	"Canada"	17964	18880	57984	31384	-1180	153660	77712	27556	47456	644068	335088	81488	62608	303704
"113"	"1989-01"	"Canada"	18344	19372	59472	30936	-2820	156672	78856	28496	48956	656160	341748	83108	63736	310812
"114"	"1989-04"	"Canada"	18644	19568	60476	31700	-592	155476	76356	29912	51892	669792	348980	84124	64556	317280
"115"	"1989-07"	"Canada"	18940	19932	61680	32328	700	156836	76216	30452	51740	679132	353472	85932	66000	321144
"116"	"1989-10"	"Canada"	19220	20568	62888	33140	-972	152588	70480	31224	51772	681232	359240	87380	66812	326100
"117"	"1990-01"	"Canada"	19680	20784	64060	35012	-468	151740	68000	33960	52736	691928	364680	89280	68496	329668
"118"	"1990-04"	"Canada"	19976	20976	64912	36068	-864	149616	64728	35192	52316	695624	369808	89556	68580	333740
"119"	"1990-07"	"Canada"	20264	21244	65684	36760	-404	148692	62744	36204	51608	697684	371316	90268	69024	334556
"120"	"1990-10"	"Canada"	20564	21484	66616	37796	-544	153392	66212	36532	42772	696768	374212	90404	68920	336416
"121"	"1991-01"	"Canada"	19856	21564	64088	39568	272	138332	54388	37144	50628	694008	376136	91496	69932	336568
"122"	"1991-04"	"Canada"	20128	21796	64980	40772	476	139176	54068	37852	52028	701572	378680	93360	71564	337908
"123"	"1991-07"	"Canada"	20432	22120	65816	43288	1312	139184	52936	36968	50820	704796	382476	94036	71916	339188
"124"	"1991-10"	"Canada"	20704	22148	66536	43904	1364	136144	48904	38096	51776	706716	385104	94232	72084	341200
"125"	"1992-01"	"Canada"	20904	22276	66656	45608	1904	133664	46104	38108	54544	710008	386156	95632	73356	340548
"126"	"1992-04"	"Canada"	21232	22544	67360	46372	920	137840	49248	39156	51412	714744	389180	96236	73692	342808
"127"	"1992-07"	"Canada"	21436	22504	67580	46808	1072	139384	50368	38948	54264	721660	390964	97028	74524	344156
"128"	"1992-10"	"Canada"	21664	22776	68176	47348	1412	141108	51268	40684	53256	727332	392728	98144	75368	345380
"129"	"1993-01"	"Canada"	21244	22984	68464	48480	-480	144732	55024	41780	54576	733952	394972	98372	75388	346492
"130"	"1993-04"	"Canada"	21468	23340	68784	49052	-320	153616	63364	41348	54200	745360	395812	100704	77364	346760
"131"	"1993-07"	"Canada"	21680	23688	69224	49472	1448	152612	61708	41492	55020	750068	397616	101880	78192	348144
"132"	"1993-10"	"Canada"	21944	24076	69808	49988	720	158416	66664	41168	57724	758768	398064	102676	78600	348076
"133"	"1994-01"	"Canada"	22496	24612	71936	50152	-1228	169120	74688	42476	57944	772656	400212	104132	79520	350060
"134"	"1994-04"	"Canada"	22676	24468	72364	51308	692	171432	76392	43960	56068	783660	406644	104864	80396	355336
"135"	"1994-07"	"Canada"	22884	24528	73216	52008	-224	184644	88544	43964	56596	800784	410140	105664	81136	358132
"136"	"1994-10"	"Canada"	23112	24752	74120	52848	-748	188820	91588	43520	58644	810788	413544	107008	82256	360696
"137"	"1995-01"	"Canada"	23164	24988	74952	53756	744	193336	95220	45588	59500	823972	416924	107880	82892	363168
"138"	"1995-04"	"Canada"	23412	25264	75972	54328	-524	195360	95976	45040	60516	828856	419392	109072	83808	365064
"139"	"1995-07"	"Canada"	23684	25504	76952	54988	144	193928	93292	44404	60116	832976	423404	110980	85476	368416
"140"	"1995-10"	"Canada"	23932	25896	78052	55324	-376	199000	97016	44220	61260	840680	424792	111784	85888	369468
"141"	"1996-01"	"Canada"	23788	26040	78772	55036	-264	200720	98160	46164	59352	844208	425488	112748	86708	370452
"142"	"1996-04"	"Canada"	24156	26188	79656	55424	-116	202864	99052	46276	62000	852904	427936	113944	87756	372512
"143"	"1996-07"	"Canada"	24392	26712	80852	56020	980	208376	103132	45300	61808	864544	432904	115176	88464	376884
"144"	"1996-10"	"Canada"	24620	26624	81800	57076	1096	212844	106424	46136	62252	877680	440640	114712	88088	383564
"145"	"1997-01"	"Canada"	25296	26720	83708	58020	-548	220108	111104	47360	64692	891748	445044	115092	88372	387024
"146"	"1997-04"	"Canada"	25424	27084	84940	58156	-1232	218372	108008	47624	65984	899412	452520	116144	89060	394364
"147"	"1997-07"	"Canada"	25596	27108	86440	58584	-752	219900	107864	47040	66676	912564	462572	117128	90020	403988
"148"	"1997-10"	"Canada"	25756	27424	88172	58512	-2048	226464	112536	47816	68228	923980	465160	118360	90936	406648
"149"	"1998-01"	"Canada"	25788	28540	90800	59216	-908	227528	110940	47892	67200	934612	471780	121120	92580	412564
"150"	"1998-04"	"Canada"	25904	28252	92624	59560	-1156	218556	100028	47692	69944	935212	478508	121668	93416	418948
"151"	"1998-07"	"Canada"	26024	28580	94444	59900	1024	213300	92832	48152	70260	938872	483120	123016	94436	423220
"152"	"1998-10"	"Canada"	26176	28508	96164	60544	-1164	220300	97960	47872	71576	953496	490476	124436	95928	429932
"153"	"1999-01"	"Canada"	26448	28556	95964	60552	-1632	234480	112068	50224	73788	975240	493916	124464	95908	433364
"154"	"1999-04"	"Canada"	26764	28996	98176	61364	-968	243096	118156	50756	72512	994172	502224	126552	97556	440860
"155"	"1999-07"	"Canada"	27116	29300	99796	62596	-940	257876	130964	50760	74728	1021308	510992	127892	98592	448396
"156"	"1999-10"	"Canada"	27532	29636	101416	63604	-2136	266836	137888	50356	75748	1040988	521372	128812	99176	457768
"157"	"2000-01"	"Canada"	28140	29800	102944	64704	-1568	279172	148088	51160	76628	1070188	533900	130896	101096	469196
"158"	"2000-04"	"Canada"	28620	30220	104796	65968	-1680	288808	155392	51028	78432	1099448	550864	131996	101776	484896
"159"	"2000-07"	"Canada"	28996	30712	106792	67024	-1304	300352	164564	51408	78740	1121768	558748	133824	103112	491724
"160"	"2000-10"	"Canada"	29340	31204	108960	68084	476	300404	162104	50532	80660	1132880	564580	136228	105024	496496
"161"	"2001-01"	"Canada"	29544	32312	110960	69116	-600	313816	173312	52348	74868	1149924	570652	138840	106528	501536
"162"	"2001-04"	"Canada"	30008	32232	112244	70168	532	310088	167836	51212	78416	1152860	573432	139180	106948	503264
"163"	"2001-07"	"Canada"	30392	32476	113716	70852	960	289936	145828	50640	81132	1138804	575612	140524	108048	504760
"164"	"2001-10"	"Canada"	30784	32828	114840	71744	-436	284464	138840	50064	81160	1136584	579484	141848	109020	507740
"165"	"2002-01"	"Canada"	31184	33564	115488	73732	-1448	292040	145368	52036	86012	1158640	586464	143536	109972	512732
"166"	"2002-04"	"Canada"	31516	34008	117084	75428	-532	308324	159724	51736	88956	1185892	592396	145012	111004	516968
"167"	"2002-07"	"Canada"	31804	34404	118380	77228	-984	318148	167964	51600	88772	1204144	600148	146460	112056	522920
"168"	"2002-10"	"Canada"	32088	34544	119880	78964	68	326284	174316	50940	90712	1226100	609604	148492	113948	530640
"169"	"2003-01"	"Canada"	32080	34088	117212	79792	-2004	345800	196508	52928	89896	1250088	614400	149068	114980	534608
"170"	"2003-04"	"Canada"	32412	34528	118240	79932	-1296	334044	183392	52616	85724	1237720	616520	150112	115584	536588
"171"	"2003-07"	"Canada"	32828	34680	119612	80748	-48	339888	187448	54088	90308	1258296	622344	151716	117036	541596
"172"	"2003-10"	"Canada"	33248	34908	121076	81968	-172	343392	189068	53440	91216	1272884	631568	153440	118532	549600
"173"	"2004-01"	"Canada"	33496	35092	120732	83360	-860	351392	197164	55892	92232	1296216	642544	155016	119924	559184
"174"	"2004-04"	"Canada"	34132	35576	122564	85216	24	366612	209916	56644	93344	1328148	654036	157488	121912	568820
"175"	"2004-07"	"Canada"	34624	36040	123896	86400	68	377460	218940	57332	94792	1351480	662556	159272	123232	576156
"176"	"2004-10"	"Canada"	35208	36232	126020	87096	-232	386516	225288	56940	95596	1367080	667896	160364	124132	580800
"177"	"2005-01"	"Canada"	35396	36280	127292	87328	308	388852	226164	59212	95464	1380324	676436	160052	123772	589108
"178"	"2005-04"	"Canada"	36004	37120	129368	88240	-984	393172	227800	59712	97988	1399608	687544	162176	125056	599304
"179"	"2005-07"	"Canada"	36680	37640	131736	89324	-1444	416948	248532	60132	97760	1436992	699376	164220	126580	610052
"180"	"2005-10"	"Canada"	37388	38004	134264	90372	248	434004	262352	59924	99620	1469436	710392	165248	127244	620020
"181"	"2006-01"	"Canada"	38376	37692	137404	91492	820	426736	250956	61344	101760	1476000	720152	165188	127496	628660
"182"	"2006-04"	"Canada"	39012	38024	140092	92844	-764	426008	246904	61728	102052	1490716	733120	168572	130548	640276
"183"	"2006-07"	"Canada"	39688	38908	142684	94264	772	426548	244176	62804	99348	1504936	744460	171004	132096	650196
"184"	"2006-10"	"Canada"	40364	39500	145528	95416	36	423544	237652	62880	99612	1514764	755320	173372	133872	659904
"185"	"2007-01"	"Canada"	41336	40408	148168	96996	976	432756	243252	65040	102096	1547276	769332	177076	136668	672336
"186"	"2007-04"	"Canada"	42184	41088	150196	98528	696	443964	251584	66368	104208	1576612	781976	179400	138312	683448
"187"	"2007-07"	"Canada"	43148	41816	152444	99388	1200	441132	245540	65996	105300	1582248	787436	181184	139368	688048
"188"	"2007-10"	"Canada"	44096	42624	154672	100884	1052	449860	251092	66156	106820	1604508	796976	183644	141020	696092
"189"	"2008-01"	"Canada"	45928	43328	161680	101540	72	472436	264828	65924	101048	1637296	810872	186944	143616	709332
"190"	"2008-04"	"Canada"	47008	44404	163516	102848	-552	499312	288788	66824	102744	1677448	820104	189016	144612	717256
"191"	"2008-07"	"Canada"	47912	44956	165628	104400	1164	507740	294200	68516	102996	1694512	824156	189940	144984	719756
"192"	"2008-10"	"Canada"	48716	45608	167892	105444	620	436344	219736	68908	101196	1618908	823776	188064	142456	718332
"193"	"2009-01"	"Canada"	48660	46076	172092	105932	212	382456	161704	68868	103784	1557232	813524	188388	142312	707592
"194"	"2009-04"	"Canada"	49480	46356	171736	106316	1332	378888	157672	68728	100712	1548488	808560	190268	143912	702244
"195"	"2009-07"	"Canada"	50460	46708	171600	107136	1480	392496	170436	69976	102184	1567924	809620	192168	145460	702484
"196"	"2009-10"	"Canada"	51620	46776	171592	108220	392	427720	204508	71036	102184	1611692	816588	193772	146996	708368
"197"	"2010-01"	"Canada"	51052	47200	166420	108656	848	450932	233460	72456	102984	1644032	822220	194592	147392	713564
"198"	"2010-04"	"Canada"	52120	47388	167800	109380	1068	445196	225276	71544	106816	1653240	831500	197116	149728	722120
"199"	"2010-07"	"Canada"	53192	47928	169396	110396	2136	439944	217356	71996	109016	1665372	841988	200292	152364	731592
"200"	"2010-10"	"Canada"	54308	48376	171208	111836	1440	460632	235116	71868	109172	1701548	855024	203412	155036	743188
"201"	"2011-01"	"Canada"	55364	48440	171220	114656	1148	479444	252860	73032	109140	1737952	871464	203724	155284	756808
"202"	"2011-04"	"Canada"	56408	48892	173264	115464	912	489252	259580	74200	112032	1759852	877708	205748	156856	762244
"203"	"2011-07"	"Canada"	57428	48988	174836	116796	1244	504420	272156	74040	112260	1785748	886260	207524	158536	769464
"204"	"2011-10"	"Canada"	58432	49768	177200	118584	824	517280	281648	74648	113404	1812700	896748	209796	160028	778164
"205"	"2012-01"	"Canada"	58464	49400	178900	120324	1504	504704	267340	75368	116004	1815120	906596	210944	161544	786272
"206"	"2012-04"	"Canada"	59764	50144	182084	122580	1192	494048	252200	77136	116156	1818984	918772	211680	161536	796192
"207"	"2012-07"	"Canada"	60792	51928	184748	124896	404	491588	246048	76216	116684	1830636	930300	215444	163516	805404
"208"	"2012-10"	"Canada"	61752	51144	187312	127256	1028	493644	244580	76888	118248	1844064	937984	216272	165128	810728
"209"	"2013-01"	"Canada"	61424	51508	186728	129572	1404	511196	263044	77840	119080	1876844	949648	217676	166168	820076
"210"	"2013-04"	"Canada"	62320	53420	191232	131656	-528	511252	257700	81264	118836	1886592	955104	220664	167244	823448
"211"	"2013-07"	"Canada"	63472	55052	195264	133492	-1612	523216	264480	82540	120996	1912428	964012	223276	168224	830520
"212"	"2013-10"	"Canada"	64184	53448	197852	135048	1176	527404	265368	83560	122364	1933124	975952	222668	169220	840904
"213"	"2014-01"	"Canada"	64220	54728	197900	135404	1556	546420	284300	83072	125184	1963452	983524	223696	168968	848120
"214"	"2014-04"	"Canada"	64860	54600	202080	136672	220	557232	290292	84508	126264	1988404	993724	226456	171856	857052
"215"	"2014-07"	"Canada"	65324	55492	204520	138332	-244	565756	295912	84812	128412	2013792	1006504	228552	173060	868172
"216"	"2014-10"	"Canada"	65760	55528	207820	139232	708	559568	285988	84892	128716	2013944	1010100	229960	174432	870868
"217"	"2015-01"	"Canada"	66588	56652	214488	140964	216	513136	232060	86476	130720	1984300	1021492	232260	175608	880528
"218"	"2015-04"	"Canada"	67352	57004	215280	142224	816	500552	217920	88508	133416	1984920	1027372	234256	177252	885148
"219"	"2015-07"	"Canada"	68252	57496	218664	142908	1268	511780	224864	89008	134400	2000864	1028580	235828	178332	885672
"220"	"2015-10"	"Canada"	68488	58320	220708	143648	1164	495200	206004	90288	135972	1991680	1029940	239116	180796	886292
"221"	"2016-01"	"Canada"	68736	58796	222220	144020	-1164	510072	219116	90640	137208	1998420	1020836	240828	182032	876816
"222"	"2016-04"	"Canada"	68900	64700	224592	145472	-1528	502968	209476	89932	139364	2002152	1022816	248600	183900	877344
"223"	"2016-07"	"Canada"	69464	60068	222552	146972	-1276	535628	243612	90360	140636	2035420	1026748	243324	183256	879776
"224"	"2016-10"	"Canada"	70128	59740	222452	148916	-1312	555428	262848	91132	140508	2066148	1035532	244860	185120	886616
"225"	"2017-01"	"Canada"	70468	61520	221744	146196	1912	572812	280600	92744	145876	2107924	1046532	248048	186528	900336
"226"	"2017-04"	"Canada"	71144	61776	222304	146512	176	573452	280004	97132	149408	2130024	1058860	250996	189220	912348
"227"	"2017-07"	"Canada"	70996	62136	220532	148332	1044	561224	269696	97232	150012	2141764	1078692	253560	191424	930360
"228"	"2017-10"	"Canada"	71548	63548	223472	150412	104	579832	284812	98364	151140	2182852	1095740	257672	194124	945328
"229"	"2018-01"	"Canada"	72380	64644	224228	153744	-492	584156	287548	99444	152300	2207040	1114100	257532	192888	960356
"230"	"2018-04"	"Canada"	73388	66228	227220	154668	456	605924	305316	99736	152240	2240084	1121080	260648	194420	966412
"231"	"2018-07"	"Canada"	74992	66168	232068	155356	-144	613140	306080	98332	155756	2258968	1130008	261876	195708	974652
"232"	"2018-10"	"Canada"	75704	66004	234160	156336	-140	579944	270080	99864	148880	2236608	1142604	265456	199452	986268
"233"	"2019-01"	"Canada"	76164	67364	235632	157020	-748	592820	281024	100456	154256	2267644	1151320	269540	202176	994300
"234"	"2019-04"	"Canada"	77104	66812	238580	158440	1124	615768	300084	101776	154040	2311504	1166548	272248	205436	1008108
"235"	"2019-07"	"Canada"	77364	67712	238524	159892	-760	604588	288700	103060	152992	2319152	1181356	277916	210204	1021464
"236"	"2019-10"	"Canada"	77764	68828	241412	162324	-540	611084	291908	102944	151736	2346876	1197484	284168	215340	1035160
"237"	"2020-01"	"Canada"	78400	69356	242516	160420	-1496	579560	258644	83308	143196	2271820	1184984	282268	212912	1024564
"238"	"2020-04"	"Canada"	78360	69940	243936	147416	-336	556808	234512	-22592	115324	2006232	1084564	272464	202524	937148
"239"	"2020-07"	"Canada"	78720	70688	241828	158556	716	636900	316352	9276	138824	2234596	1168884	279996	209308	1010328
"240"	"2020-10"	"Canada"	79392	71232	238376	162600	1860	648064	330296	39604	143196	2314408	1199312	282372	211140	1036712
"241"	"2021-01"	"Canada"	81060	72140	239716	166848	272	706168	385392	43716	145916	2410708	1225456	289180	217040	1058608
"242"	"2021-04"	"Canada"	82940	74272	243280	170804	1192	708168	381948	41932	156708	2448816	1245868	294948	220676	1075064
"243"	"2021-07"	"Canada"	84940	77936	249404	174756	1032	693112	358768	76432	161516	2511304	1280480	298732	220796	1105724
"244"	"2021-10"	"Canada"	86748	80372	254868	178200	1440	723720	382104	103496	165464	2601688	1305716	301852	221480	1127516
"245"	"2022-01"	"Canada"	88580	82636	257424	185668	-120	756504	410500	100280	171720	2699136	1355276	315476	232840	1169608
"246"	"2022-04"	"Canada"	92180	84692	262536	189944	1356	818392	463676	107588	176756	2812436	1381728	326616	241924	1191784
